from turtle import Turtle
import random

COLORS = [[[188, 133, 26], [182, 104, 12]], [[138, 39, 28], [237, 101, 29]],
          [[218, 229, 126], [232, 123, 25]], [[232, 123, 25], [234, 204, 172]], [[186, 62, 12], [237, 198, 135]],
          [[206, 107, 46], [176, 38, 26]], [[240, 221, 190], [205, 133, 28]], [[202, 204, 127], [240, 227, 194]],
[[164, 39, 34],[228, 223, 93]], [[235, 102, 29], [228, 223, 93]], [[242,28,20], [243,184,182]], [[242,28,20],[244,255,70]],[[255,119,0],[255,240,109]],
[[172, 86, 31], [194, 144, 38]], [[212, 160, 68], [233, 206, 89]], [[146, 33, 13], [202, 103, 62]], [[205, 235, 244], [238, 217, 189]], [[114, 32, 3], [244,255,70]]]

flower_trace = [
[183,32],
[184,16],
[185,1],
[204,40],
[183,58],
[187,81],
[210,92],
[227,94],
[233,73],
[200,108],
[173,149],
[139,152],
[123,113],
[144,129],
[119,129],
[131,114],
[90,133],
[247,141],
[245,115],
[213,149],
[192,176],
[194,139],
[170,187],
[150,168],
[137,188],
[118,205],
[105,218],
[145,230],
[191,233],
[176,204],
[145,209],
[187,166],
[248,162],
[271,191],
[289,207],
[265,204],
[255,228],
[231,241],
[210,238],
[242,236],
[269,249],
[280,269],
[286,280],
[294,259],
[298,236],
[315,268],
[316,288],
[181,258],
[174,234],
[203,232],
[249,251],
[151,259],
[135,263],
[137,297],
[112,317],
[89,328],
[160,323],
[213,335],
[62,338],
[48,353],
[53,375],
[48,384],
[25,382],
[8,401],
[5,424],
[3,443],
[48,413],
[53,437],
[49,392],
[28,390],
[19,403],
[7,395],
[13,387],
[42,374],
[97,392],
[117,344],
[101,334],
[104,350],
[115,377],
[101,401],
[107,420],
[121,431],
[139,399],
[162,384],
[140,373],
[115,405],
[201,382],
[199,344],
[224,351],
[217,369],
[167,346],
[141,337],
[158,305],
[178,300],
[188,294],
[174,288],
[207,332],
[235,347],
[262,373],
[239,370],
[293,398],
[297,378],
[301,350],
[312,399],
[276,397],
[288,429],
[294,434],
[279,449],
[275,419],
[229,393],
[249,420],
[124,453],
[52,457],
[11,496],
[337,449],
[300,416],
[301,401],
[297,368],
[335,415],
[367,425],
[391,435],
[406,446],
[405,465],
[374,480],
[343,487],
[315,490],
[298,486],
[323,472],
[339,492],
[360,464],
[379,453],
[360,441],
[398,382],
[373,380],
[365,355],
[370,340],
[378,328],
[394,325],
[413,337],
[404,358],
[388,352],
[392,385],
[399,418],
[383,417],
[353,414],
[338,438],
[373,316],
[399,319],
[413,345],
[296,270],
[275,255],
[273,242],
[261,233],
[229,249],
[163,288],
[152,280],
[150,270],
[168,259],
[175,238],
[151,238],
[185,210],
[167,183],
[148,168],
[162,159],
[153,145],
[147,143],
[131,136],
[125,130],
[129,122],
[127,105],
[130,102],
[152,116],
[176,159],
[190,149],
[220,142],
[239,141],
[241,131],
[216,118],
[209,135],
[228,128],
[230,112],
[208,101],
[190,115],
[197,134],
[241,145],
[245,154],
[228,155],
[225,153],
[218,128],
[233,85],
[201,80],
[193,81],
[190,69],
[180,65],
[176,58],
[195,42],
[188,26],
[193,92],
[130,217],
[138,230],
[176,218],
[155,218],
[174,225],
[163,225],
[157,280],
[149,283],
[152,296],
[134,315],
[193,322],
[114,321],
[143,323],
[113,329],
[135,329],
[113,300],
[96,312],
[187,401],
[178,377],
[175,356],
[246,373],
[264,382],
[275,396],
[296,402],
[288,412],
[348,464],
[340,475],
[356,485],
[382,476],
[404,436],
[366,420],
[346,440],
[369,454],
[386,445],
[398,452],
[395,474],
[377,480],
[390,335],
[379,338],
[384,344],
[364,328],
[391,323],
[383,355],
[385,371],
[259,243],
[245,239],
[139,241],
[153,253],
[156,265],
[166,276],
[180,226],
[152,196],
[153,183],
[163,179],
[182,140],
[373,377],
[356,372],
[381,387],
[362,401],
[323,401],
[314,418],
[321,439],
[334,454],
[323,465],
[308,474],
[319,482],
[349,486],
[392,488],
[367,436],
[341,422],
[321,428],
[322,436],
[324,425],
[350,429],
[353,430],
[299,408],
[241,370],
[156,344],
[156,327],
[150,324],
[176,324],
[165,315],
[139,310],
[116,307],
[95,319],
[85,325],
[69,332],
[52,353],
[28,367],
[26,371],
[44,383],
[89,389],
[106,395],
[120,391],
[130,390],
[140,401],
[123,413],
[107,423],
[94,426],
[80,417],
[80,411],
[89,405],
[117,388],
[109,366],
[97,361],
[75,344],
[86,369],
[94,380],
[91,353],
[65,379],
[70,409],
[50,416],
[53,427],
[55,437],
[52,446],
[36,453],
[50,464],
[58,464],
[37,417],
[23,404],
[13,401],
[25,417],
[16,443],
[15,452],
[5,457],
[208,353],
[185,336],
[195,325],
[175,308],
[155,292],
[138,252],
[111,435],
[98,436],
[65,449],
[55,437],
[40,436],
[28,434],
[351,449],
[403,430],
[411,417],
[411,399],
[409,389],
[391,398],
[398,490],
[411,482],
[370,492],
[354,497],
[319,498],
[299,498],
[286,499]
]
# COLORS = [[(166, 80, 36), (141, 170, 160)], [(195, 157, 98), (125, 183, 197)], [(182, 223, 236), (180, 142, 50)], [(147, 31, 11), (196, 225, 217)], [(221, 205, 119), (233, 220, 188)], [(154, 206, 219), (209, 97, 57)], [(91, 115, 102), (103, 23, 5)], [(172, 203, 192), (109, 139, 130)], [(70, 116, 125), (94, 143, 150)], [(99, 75, 15), (34, 53, 36)], [(139, 71, 76), (136, 27, 32)], [(18, 55, 61), (177, 152, 158)], [(230, 217, 221), (231, 176, 159)], [(49, 74, 58), (32, 76, 86)], [(178, 102, 107), (91, 21, 27)]]
RANDOM_COLOR_PAIR = COLORS[random.randrange(0, len(COLORS) - 1)]


class Dots(Turtle):
    def __init__(self):
        super().__init__()
        self.start_dots()
        self.new_dot = None

    def new_dots_a(self, color_a, x, y):
        self.new_dot = Turtle(shape="circle")
        self.new_dot.penup()
        self.new_dot.setposition(x, y)
        random_stretch = random.uniform(0.5,1.5)
        self.new_dot.shapesize(random_stretch, random_stretch)
        self.new_dot.color(color_a)

    def new_dots_b(self, color_b, x, y):
        self.new_dot = Turtle(shape="circle")
        self.new_dot.penup()
        self.new_dot.setposition(x, y)
        new_shapesize = random.uniform(0.05, 0.2)
        self.new_dot.shapesize(new_shapesize, new_shapesize)
        self.new_dot.color(color_b)

    def new_dots_pair(self):
        x = 0
        y = 0
        for x in range(0,253):
            x += 1
            y += 1
            x_position = flower_trace[x][0]-100
            y_position = flower_trace[y][1]-200
            random_color_pair = COLORS[random.randrange(0, len(COLORS) - 1)]
            random_color_pair_a = random_color_pair[0]
            random_color_pair_b = random_color_pair[1]
            self.new_dots_a(color_a=random_color_pair_a, x=x_position, y=y_position)
            self.new_dots_b(color_b=random_color_pair_b, x=x_position, y=y_position)

    def start_dots(self):
        random_color_pair = COLORS[random.randrange(0, len(COLORS) - 1)]
        random_color_pair_a = random_color_pair[0]
        random_color_pair_b = random_color_pair[1]
        self.new_dots_a(color_a=random_color_pair_a, x=0, y=0)
        self.new_dots_b(color_b=random_color_pair_b, x=0, y=0)
        # self.new_dots_a(color_a=random_color_pair_a, x=random_x, y=random_y)
        # self.new_dots_b(color_b=random_color_pair_b, x=random_x, y=random_y)


