 
from turtle import Turtle, Screen
from dots import Dots
color_tuples = [[(166, 80, 36), (141, 170, 160)], [(195, 157, 98), (125, 183, 197)], [(182, 223, 236), (180, 142, 50)], [(147, 31, 11), (196, 225, 217)], [(221, 205, 119), (233, 220, 188)], [(154, 206, 219), (209, 97, 57)], [(91, 115, 102), (103, 23, 5)], [(172, 203, 192), (109, 139, 130)], [(70, 116, 125), (94, 143, 150)], [(99, 75, 15), (34, 53, 36)], [(139, 71, 76), (136, 27, 32)], [(18, 55, 61), (177, 152, 158)], [(230, 217, 221), (231, 176, 159)], [(49, 74, 58), (32, 76, 86)], [(178, 102, 107), (91, 21, 27)]]

colors = [[[188, 133, 26], [182, 104, 12]], [[138, 39, 28], [237, 101, 29]], [[92, 32, 36], [40, 10, 5]],
          [[218, 229, 126], [232, 123, 25]], [[232, 123, 25], [234, 204, 172]]]
import random
screen = Screen()
screen.colormode(255)
screen.bgcolor(196, 225, 226)
screen.title("Kat's Creativity Tree as Inspired by Chihuly")

dots = Dots()
is_running = True
while is_running:
    dots.start_dots()
    dots.refresh_color()

screen.exitonclick()
